% Intrinsic and Extrinsic Camera Parameters
%
% This script file can be directly excecuted under Matlab to recover the camera intrinsic and extrinsic parameters.
% IMPORTANT: This file contains neither the structure of the calibration objects nor the image coordinates of the calibration points.
%            All those complementary variables are saved in the complete matlab data file Calib_Results.mat.
% For more information regarding the calibration model visit http://www.vision.caltech.edu/bouguetj/calib_doc/


%-- Focal length:
fc = [ 1384.774543424088300 ; 1384.915602819320200 ];

%-- Principal point:
cc = [ 953.782244832533140 ; 528.420258510762660 ];

%-- Skew coefficient:
alpha_c = 0.000000000000000;

%-- Distortion coefficients:
kc = [ 0.093549120419355 ; -0.157974522785797 ; 0.000000000000000 ; 0.000000000000000 ; 0.000000000000000 ];

%-- Focal length uncertainty:
fc_error = [ 1.225724571186573 ; 1.131130429058499 ];

%-- Principal point uncertainty:
cc_error = [ 0.634484024751091 ; 0.947801992039992 ];

%-- Skew coefficient uncertainty:
alpha_c_error = 0.000000000000000;

%-- Distortion coefficients uncertainty:
kc_error = [ 0.002597632118442 ; 0.006025767649080 ; 0.000000000000000 ; 0.000000000000000 ; 0.000000000000000 ];

%-- Image size:
nx = 1920;
ny = 1080;


%-- Various other variables (may be ignored if you do not use the Matlab Calibration Toolbox):
%-- Those variables are used to control which intrinsic parameters should be optimized

n_ima = 30;						% Number of calibration images
est_fc = [ 1 ; 1 ];					% Estimation indicator of the two focal variables
est_aspect_ratio = 1;				% Estimation indicator of the aspect ratio fc(2)/fc(1)
center_optim = 1;					% Estimation indicator of the principal point
est_alpha = 0;						% Estimation indicator of the skew coefficient
est_dist = [ 1 ; 1 ; 0 ; 0 ; 0 ];	% Estimation indicator of the distortion coefficients


%-- Extrinsic parameters:
%-- The rotation (omc_kk) and the translation (Tc_kk) vectors for every calibration image and their uncertainties

%-- Image #1:
omc_1 = [ 2.181204e+00 ; 2.175927e+00 ; -1.302233e-01 ];
Tc_1  = [ -3.398645e+02 ; -2.376863e+02 ; 8.443537e+02 ];
omc_error_1 = [ 9.083147e-04 ; 8.824231e-04 ; 1.807149e-03 ];
Tc_error_1  = [ 3.892418e-01 ; 5.713064e-01 ; 9.165951e-01 ];

%-- Image #2:
omc_2 = [ 2.114559e+00 ; 1.991378e+00 ; -5.100842e-02 ];
Tc_2  = [ -3.068708e+02 ; -2.457644e+02 ; 8.762817e+02 ];
omc_error_2 = [ 9.296338e-04 ; 9.236694e-04 ; 1.750449e-03 ];
Tc_error_2  = [ 4.200016e-01 ; 5.880593e-01 ; 9.579393e-01 ];

%-- Image #3:
omc_3 = [ -2.244512e+00 ; -2.126448e+00 ; 3.351448e-01 ];
Tc_3  = [ -4.772002e+02 ; -2.080645e+02 ; 9.888740e+02 ];
omc_error_3 = [ 9.164458e-04 ; 8.677841e-04 ; 1.940341e-03 ];
Tc_error_3  = [ 4.304576e-01 ; 6.621942e-01 ; 1.012165e+00 ];

%-- Image #4:
omc_4 = [ -2.052913e+00 ; -1.944643e+00 ; 5.685205e-01 ];
Tc_4  = [ -3.630524e+02 ; -1.790067e+02 ; 1.132403e+03 ];
omc_error_4 = [ 8.054512e-04 ; 8.815600e-04 ; 1.782249e-03 ];
Tc_error_4  = [ 5.033817e-01 ; 7.550175e-01 ; 9.954154e-01 ];

%-- Image #5:
omc_5 = [ -2.513138e+00 ; -1.808333e+00 ; 4.414791e-01 ];
Tc_5  = [ -5.332615e+02 ; -9.642889e+01 ; 1.167720e+03 ];
omc_error_5 = [ 1.190568e-03 ; 8.783523e-04 ; 2.361055e-03 ];
Tc_error_5  = [ 5.182843e-01 ; 7.965353e-01 ; 1.144205e+00 ];

%-- Image #6:
omc_6 = [ 1.570040e+00 ; 2.306381e+00 ; -3.450355e-01 ];
Tc_6  = [ -2.533575e+02 ; -3.679478e+02 ; 1.235010e+03 ];
omc_error_6 = [ 9.465288e-04 ; 1.345432e-03 ; 2.121832e-03 ];
Tc_error_6  = [ 5.650072e-01 ; 8.011894e-01 ; 1.239635e+00 ];

%-- Image #7:
omc_7 = [ 2.008294e+00 ; 1.913196e+00 ; 2.263783e-01 ];
Tc_7  = [ -5.235733e+02 ; -2.685029e+02 ; 8.745962e+02 ];
omc_error_7 = [ 1.079957e-03 ; 1.338774e-03 ; 2.198313e-03 ];
Tc_error_7  = [ 5.011172e-01 ; 6.046792e-01 ; 1.121566e+00 ];

%-- Image #8:
omc_8 = [ -1.811300e+00 ; -1.817628e+00 ; 7.502898e-01 ];
Tc_8  = [ -3.209785e+01 ; -2.372602e+02 ; 1.276733e+03 ];
omc_error_8 = [ 9.054741e-04 ; 1.072834e-03 ; 1.995628e-03 ];
Tc_error_8  = [ 6.551230e-01 ; 8.463948e-01 ; 1.048700e+00 ];

%-- Image #9:
omc_9 = [ -1.901799e+00 ; -1.351298e+00 ; 1.042079e+00 ];
Tc_9  = [ -3.850268e+01 ; -7.728218e+01 ; 1.541926e+03 ];
omc_error_9 = [ 9.578294e-04 ; 7.882625e-04 ; 1.517523e-03 ];
Tc_error_9  = [ 7.888878e-01 ; 1.039334e+00 ; 1.097652e+00 ];

%-- Image #10:
omc_10 = [ 1.775957e+00 ; 2.115483e+00 ; -1.301008e-01 ];
Tc_10  = [ -2.873033e+02 ; -3.057699e+02 ; 1.121053e+03 ];
omc_error_10 = [ 1.038640e-03 ; 1.305971e-03 ; 2.052647e-03 ];
Tc_error_10  = [ 5.284308e-01 ; 7.389846e-01 ; 1.232512e+00 ];

%-- Image #11:
omc_11 = [ 1.504176e+00 ; 2.076221e+00 ; 1.556906e-01 ];
Tc_11  = [ -1.372295e+02 ; -3.220319e+02 ; 1.100924e+03 ];
omc_error_11 = [ 8.967189e-04 ; 1.114880e-03 ; 1.491695e-03 ];
Tc_error_11  = [ 5.444163e-01 ; 7.368619e-01 ; 1.271508e+00 ];

%-- Image #12:
omc_12 = [ 2.436239e+00 ; 1.380459e+00 ; -3.928337e-01 ];
Tc_12  = [ -5.790889e+02 ; -6.984272e+01 ; 1.129952e+03 ];
omc_error_12 = [ 1.068257e-03 ; 9.639759e-04 ; 1.815211e-03 ];
Tc_error_12  = [ 5.147455e-01 ; 7.795424e-01 ; 1.202813e+00 ];

%-- Image #13:
omc_13 = [ 2.099378e+00 ; 2.030477e+00 ; -4.724761e-01 ];
Tc_13  = [ -3.974026e+02 ; -2.409656e+02 ; 1.035654e+03 ];
omc_error_13 = [ 8.857213e-04 ; 9.163896e-04 ; 1.714153e-03 ];
Tc_error_13  = [ 4.493102e-01 ; 6.788953e-01 ; 1.015603e+00 ];

%-- Image #14:
omc_14 = [ 1.622720e+00 ; 2.012960e+00 ; -1.337695e-01 ];
Tc_14  = [ -4.794881e+02 ; -3.480891e+02 ; 1.135035e+03 ];
omc_error_14 = [ 9.026694e-04 ; 1.295018e-03 ; 1.815912e-03 ];
Tc_error_14  = [ 5.485606e-01 ; 7.498669e-01 ; 1.218509e+00 ];

%-- Image #15:
omc_15 = [ 1.677608e+00 ; 2.141539e+00 ; -7.738495e-01 ];
Tc_15  = [ -1.880566e+02 ; -3.669331e+02 ; 1.096767e+03 ];
omc_error_15 = [ 6.592315e-04 ; 7.754178e-04 ; 1.163679e-03 ];
Tc_error_15  = [ 4.812566e-01 ; 7.022929e-01 ; 9.348021e-01 ];

%-- Image #16:
omc_16 = [ 1.399060e+00 ; 1.798283e+00 ; 4.091519e-02 ];
Tc_16  = [ -3.318744e+02 ; -3.472903e+02 ; 1.210323e+03 ];
omc_error_16 = [ 8.506907e-04 ; 1.070996e-03 ; 1.342254e-03 ];
Tc_error_16  = [ 5.940902e-01 ; 8.138476e-01 ; 1.360209e+00 ];

%-- Image #17:
omc_17 = [ 1.845461e+00 ; 2.011627e+00 ; -5.518284e-01 ];
Tc_17  = [ -4.207843e+02 ; -3.105189e+02 ; 1.110473e+03 ];
omc_error_17 = [ 7.341083e-04 ; 9.047966e-04 ; 1.437916e-03 ];
Tc_error_17  = [ 4.964729e-01 ; 7.205865e-01 ; 1.046738e+00 ];

%-- Image #18:
omc_18 = [ 1.733542e+00 ; 2.390117e+00 ; -9.565419e-01 ];
Tc_18  = [ -2.163212e+02 ; -3.522754e+02 ; 1.372989e+03 ];
omc_error_18 = [ 9.542593e-04 ; 1.062005e-03 ; 1.695601e-03 ];
Tc_error_18  = [ 6.339872e-01 ; 9.195664e-01 ; 1.143353e+00 ];

%-- Image #19:
omc_19 = [ -2.217374e+00 ; -1.741899e+00 ; 6.709733e-01 ];
Tc_19  = [ -3.682091e+02 ; -1.265996e+02 ; 1.371486e+03 ];
omc_error_19 = [ 1.084922e-03 ; 9.696264e-04 ; 2.194900e-03 ];
Tc_error_19  = [ 6.453187e-01 ; 9.306472e-01 ; 1.153328e+00 ];

%-- Image #20:
omc_20 = [ 1.720942e+00 ; 2.359645e+00 ; -2.816843e-01 ];
Tc_20  = [ -2.176368e+02 ; -3.673846e+02 ; 1.218700e+03 ];
omc_error_20 = [ 1.139438e-03 ; 1.502699e-03 ; 2.527928e-03 ];
Tc_error_20  = [ 5.582532e-01 ; 7.900909e-01 ; 1.289293e+00 ];

%-- Image #21:
omc_21 = [ 2.192545e+00 ; 1.920009e+00 ; -5.984160e-01 ];
Tc_21  = [ -4.319768e+02 ; -2.302958e+02 ; 1.213037e+03 ];
omc_error_21 = [ 9.938182e-04 ; 9.999738e-04 ; 1.883624e-03 ];
Tc_error_21  = [ 5.397419e-01 ; 8.101656e-01 ; 1.138418e+00 ];

%-- Image #22:
omc_22 = [ 1.694479e+00 ; 1.899163e+00 ; -9.646169e-02 ];
Tc_22  = [ -3.911521e+02 ; -3.225239e+02 ; 1.054195e+03 ];
omc_error_22 = [ 8.587089e-04 ; 1.090293e-03 ; 1.509883e-03 ];
Tc_error_22  = [ 5.039073e-01 ; 6.946729e-01 ; 1.132664e+00 ];

%-- Image #23:
omc_23 = [ 1.463151e+00 ; 1.384386e+00 ; 5.747433e-01 ];
Tc_23  = [ -4.165061e+02 ; -2.622720e+02 ; 1.005670e+03 ];
omc_error_23 = [ 8.862346e-04 ; 8.315639e-04 ; 1.155285e-03 ];
Tc_error_23  = [ 5.641685e-01 ; 6.943594e-01 ; 1.288556e+00 ];

%-- Image #24:
