%YAML:1.0
bounding_box: [ 100, 100, 100,200,200,200,200,100]
