% Intrinsic and Extrinsic Camera Parameters
%
% This script file can be directly excecuted under Matlab to recover the camera intrinsic and extrinsic parameters.
% IMPORTANT: This file contains neither the structure of the calibration objects nor the image coordinates of the calibration points.
%            All those complementary variables are saved in the complete matlab data file Calib_Results.mat.
% For more information regarding the calibration model visit http://www.vision.caltech.edu/bouguetj/calib_doc/


%-- Focal length:
fc = [ 552.675337500280760 ; 548.388993160041310 ];

%-- Principal point:
cc = [ 321.966165659267180 ; 235.245220297116330 ];

%-- Skew coefficient:
alpha_c = 0.000000000000000;

%-- Distortion coefficients:
kc = [ -0.183735371883772 ; 0.254462110104242 ; 0.000000000000000 ; -0.000000000000000 ; 0.000000000000000 ];

%-- Focal length uncertainty:
fc_error = [ 1.054517602109844 ; 1.010019943680669 ];

%-- Principal point uncertainty:
cc_error = [ 0.509622901894826 ; 0.893447687106042 ];

%-- Skew coefficient uncertainty:
alpha_c_error = 0.000000000000000;

%-- Distortion coefficients uncertainty:
kc_error = [ 0.005620069282435 ; 0.015595790934438 ; 0.000000000000000 ; 0.000000000000000 ; 0.000000000000000 ];

%-- Image size:
nx = 640;
ny = 480;


%-- Various other variables (may be ignored if you do not use the Matlab Calibration Toolbox):
%-- Those variables are used to control which intrinsic parameters should be optimized

n_ima = 30;						% Number of calibration images
est_fc = [ 1 ; 1 ];					% Estimation indicator of the two focal variables
est_aspect_ratio = 1;				% Estimation indicator of the aspect ratio fc(2)/fc(1)
center_optim = 1;					% Estimation indicator of the principal point
est_alpha = 0;						% Estimation indicator of the skew coefficient
est_dist = [ 1 ; 1 ; 0 ; 0 ; 0 ];	% Estimation indicator of the distortion coefficients


%-- Extrinsic parameters:
%-- The rotation (omc_kk) and the translation (Tc_kk) vectors for every calibration image and their uncertainties

%-- Image #1:
omc_1 = [ 1.318884e+00 ; 2.376073e+00 ; -9.461007e-01 ];
Tc_1  = [ -1.303302e+02 ; -4.424279e+02 ; 1.160437e+03 ];
omc_error_1 = [ 1.400001e-03 ; 1.894213e-03 ; 2.635252e-03 ];
Tc_error_1  = [ 1.100677e+00 ; 1.914803e+00 ; 2.086735e+00 ];

%-- Image #2:
omc_2 = [ 2.345706e+00 ; 1.079277e+00 ; -3.257123e-01 ];
Tc_2  = [ -3.549614e+02 ; -3.010162e+01 ; 9.486045e+02 ];
omc_error_2 = [ 2.221251e-03 ; 1.501044e-03 ; 2.859341e-03 ];
Tc_error_2  = [ 8.892458e-01 ; 1.602767e+00 ; 2.128918e+00 ];

%-- Image #3:
omc_3 = [ -1.885393e+00 ; -2.011033e+00 ; -6.189967e-01 ];
Tc_3  = [ -3.314767e+02 ; -2.646859e+02 ; 7.658992e+02 ];
omc_error_3 = [ 1.957203e-03 ; 2.112364e-03 ; 3.512227e-03 ];
Tc_error_3  = [ 8.340222e-01 ; 1.355268e+00 ; 2.118150e+00 ];

%-- Image #4:
omc_4 = [ 1.962328e+00 ; 1.917728e+00 ; 4.732312e-01 ];
Tc_4  = [ -1.778268e+02 ; -2.686987e+02 ; 7.865234e+02 ];
omc_error_4 = [ 1.987446e-03 ; 1.678341e-03 ; 3.094645e-03 ];
Tc_error_4  = [ 8.502403e-01 ; 1.321921e+00 ; 2.121023e+00 ];

%-- Image #5:
omc_5 = [ -1.842614e+00 ; -2.337825e+00 ; 7.445355e-01 ];
Tc_5  = [ -3.569763e+02 ; -3.580836e+02 ; 1.069181e+03 ];
omc_error_5 = [ 1.496578e-03 ; 1.541695e-03 ; 3.398290e-03 ];
Tc_error_5  = [ 1.006718e+00 ; 1.749474e+00 ; 2.031885e+00 ];

%-- Image #6:
omc_6 = [ 1.811029e+00 ; 2.232559e+00 ; -9.101636e-01 ];
Tc_6  = [ -3.061073e+02 ; -3.425600e+02 ; 1.056105e+03 ];
omc_error_6 = [ 1.404345e-03 ; 1.780197e-03 ; 2.792942e-03 ];
Tc_error_6  = [ 9.782001e-01 ; 1.737916e+00 ; 1.887117e+00 ];

%-- Image #7:
omc_7 = [ 1.400175e+00 ; 2.399359e+00 ; -6.134159e-01 ];
Tc_7  = [ -2.144720e+02 ; -4.065517e+02 ; 1.148932e+03 ];
omc_error_7 = [ 1.553602e-03 ; 2.203680e-03 ; 3.409060e-03 ];
Tc_error_7  = [ 1.087750e+00 ; 1.865202e+00 ; 2.298060e+00 ];

%-- Image #8:
omc_8 = [ 1.785089e+00 ; 1.772351e+00 ; -8.136181e-01 ];
Tc_8  = [ -3.660305e+02 ; -2.074596e+02 ; 1.102065e+03 ];
omc_error_8 = [ 1.557473e-03 ; 1.787391e-03 ; 2.477166e-03 ];
Tc_error_8  = [ 1.014938e+00 ; 1.838477e+00 ; 1.976316e+00 ];

%-- Image #9:
omc_9 = [ 1.814144e+00 ; 1.913455e+00 ; 1.087032e-01 ];
Tc_9  = [ -2.010788e+02 ; -2.592416e+02 ; 7.093936e+02 ];
omc_error_9 = [ 1.659633e-03 ; 1.493125e-03 ; 2.235231e-03 ];
Tc_error_9  = [ 7.286670e-01 ; 1.146512e+00 ; 1.655847e+00 ];

%-- Image #10:
omc_10 = [ 1.882681e+00 ; 1.988125e+00 ; 1.667243e-02 ];
Tc_10  = [ -2.581242e+02 ; -2.896613e+02 ; 7.388455e+02 ];
omc_error_10 = [ 1.632018e-03 ; 1.645449e-03 ; 2.487878e-03 ];
Tc_error_10  = [ 7.486075e-01 ; 1.191991e+00 ; 1.707178e+00 ];

%-- Image #11:
omc_11 = [ -1.997987e+00 ; -2.066172e+00 ; 5.415480e-01 ];
Tc_11  = [ -3.418247e+02 ; -2.624615e+02 ; 9.464168e+02 ];
omc_error_11 = [ 1.425727e-03 ; 1.534480e-03 ; 3.303549e-03 ];
Tc_error_11  = [ 8.644768e-01 ; 1.518738e+00 ; 1.826094e+00 ];

%-- Image #12:
omc_12 = [ 1.582182e+00 ; 2.510113e+00 ; -6.497936e-01 ];
Tc_12  = [ -2.549927e+02 ; -4.302699e+02 ; 1.102695e+03 ];
omc_error_12 = [ 1.572538e-03 ; 2.189706e-03 ; 3.518917e-03 ];
Tc_error_12  = [ 1.044732e+00 ; 1.781604e+00 ; 2.223991e+00 ];

%-- Image #13:
omc_13 = [ 1.764061e+00 ; 1.889877e+00 ; -7.991678e-01 ];
Tc_13  = [ -3.479288e+02 ; -2.069628e+02 ; 1.049518e+03 ];
omc_error_13 = [ 1.497886e-03 ; 1.727990e-03 ; 2.551839e-03 ];
Tc_error_13  = [ 9.508998e-01 ; 1.742742e+00 ; 1.875297e+00 ];

%-- Image #14:
omc_14 = [ 2.143918e+00 ; 1.440835e+00 ; -5.567983e-01 ];
Tc_14  = [ -4.434002e+02 ; -1.891695e+02 ; 9.128787e+02 ];
omc_error_14 = [ 1.622747e-03 ; 1.593000e-03 ; 2.214463e-03 ];
Tc_error_14  = [ 8.285320e-01 ; 1.525127e+00 ; 1.829381e+00 ];

%-- Image #15:
omc_15 = [ 1.589997e+00 ; 2.364701e+00 ; -8.116276e-01 ];
Tc_15  = [ -2.729735e+02 ; -4.162827e+02 ; 1.052797e+03 ];
omc_error_15 = [ 1.337588e-03 ; 1.817233e-03 ; 2.783241e-03 ];
Tc_error_15  = [ 9.808768e-01 ; 1.715572e+00 ; 1.982020e+00 ];

%-- Image #16:
omc_16 = [ 1.579534e+00 ; 2.126437e+00 ; -8.730656e-01 ];
Tc_16  = [ -2.276285e+02 ; -3.481719e+02 ; 1.089610e+03 ];
omc_error_16 = [ 1.417475e-03 ; 1.778688e-03 ; 2.522976e-03 ];
Tc_error_16  = [ 1.011570e+00 ; 1.794084e+00 ; 1.939447e+00 ];

%-- Image #17:
omc_17 = [ -2.672707e+00 ; -1.480574e+00 ; 4.242939e-01 ];
Tc_17  = [ -4.570739e+02 ; -1.113551e+01 ; 1.175614e+03 ];
omc_error_17 = [ 2.933121e-03 ; 1.784759e-03 ; 5.817296e-03 ];
Tc_error_17  = [ 1.098458e+00 ; 1.943037e+00 ; 2.413612e+00 ];

%-- Image #18:
omc_18 = [ 2.193197e+00 ; 2.196398e+00 ; -1.150717e-01 ];
Tc_18  = [ -3.649155e+02 ; -2.478615e+02 ; 7.640188e+02 ];
omc_error_18 = [ 1.623038e-03 ; 1.639903e-03 ; 3.293368e-03 ];
Tc_error_18  = [ 7.332027e-01 ; 1.267005e+00 ; 1.728062e+00 ];

%-- Image #19:
omc_19 = [ -2.116763e+00 ; -2.189584e+00 ; 1.949054e-01 ];
Tc_19  = [ -3.713567e+02 ; -2.566341e+02 ; 8.415371e+02 ];
omc_error_19 = [ 1.665262e-03 ; 1.770961e-03 ; 3.637230e-03 ];
Tc_error_19  = [ 7.771137e-01 ; 1.385574e+00 ; 1.872862e+00 ];

%-- Image #20:
omc_20 = [ 2.340396e+00 ; 2.004472e+00 ; -2.156288e-01 ];
Tc_20  = [ -4.339765e+02 ; -2.142096e+02 ; 9.294951e+02 ];
omc_error_20 = [ 2.164387e-03 ; 2.065295e-03 ; 4.432168e-03 ];
Tc_error_20  = [ 8.639469e-01 ; 1.534319e+00 ; 2.113889e+00 ];

%-- Image #21:
omc_21 = [ 2.218667e+00 ; 2.206893e+00 ; 7.193483e-02 ];
Tc_21  = [ -3.408624e+02 ; -2.201428e+02 ; 7.496624e+02 ];
omc_error_21 = [ 1.779803e-03 ; 1.718094e-03 ; 3.675794e-03 ];
Tc_error_21  = [ 7.653849e-01 ; 1.289470e+00 ; 1.784053e+00 ];

%-- Image #22:
omc_22 = [ 1.865182e+00 ; 1.841746e+00 ; 1.673994e-01 ];
Tc_22  = [ -2.660628e+02 ; -2.507979e+02 ; 7.201366e+02 ];
omc_error_22 = [ 1.763967e-03 ; 1.599961e-03 ; 2.454270e-03 ];
Tc_error_22  = [ 7.597249e-01 ; 1.176327e+00 ; 1.721842e+00 ];

%-- Image #23:
omc_23 = [ 1.857697e+00 ; 1.863485e+00 ; -4.389150e-01 ];
Tc_23  = [ -3.444688e+02 ; -2.709673e+02 ; 9.174275e+02 ];
omc_error_23 = [ 1.552422e-03 ; 1.711357e-03 ; 2.509767e-03 ];
Tc_error_23  = [ 8.418274e-01 ; 1.491269e+00 ; 1.897219e+00 ];

%-- Image #24:
